0.26121794871794873
0.28846153846153844
0.2496034884329052
0.3071576559549021
0.20034437391479315
0.20336227882434038
0.23055855489035637
0.25043032947121635
0.26204851893846337
0.21795233395621688
0.22878406639734022
0.28125
0.2615220893054012
0.2622181114066251
0.24495488624993347
0.2527616180147205
0.2290518686268706
0.23254923717498716
0.2449187805671943
0.24526294751426927
0.2767210144927536
0.2626687506586569
0.2553116728289208
0.2562104164764804
0.23901758415114843
0.23804075007943562
0.2570209972309056
0.21109468204681087
0.24105529992951846
0.23385550063643878
0.2126416588855021
0.2624208329529608
0.25061187255383555
0.23315808798233995
0.23028101276557839
0.25044671589149314
0.31491987600322535
0.22041197099628015
0.2044712359091129
0.22792664688149805
0.24987689022022516
0.26757405284011676
0.24533587763822462
0.2444362849175918
0.23948399795849867
0.22912071065552658
0.23254923717498716
0.26203356351037516
0.27352613234772405
0.26801129667834467
0.23420843081231701
0.24407114624505927
0.23944694439078884
0.2290518686268706
0.2495333189167845
0.24076727454540037
0.26759727859278337
0.23964321342101266
0.24974213505257492
0.2508661961769626
0.28752201235123587
0.2165630105178617
0.33001229743606686
0.29844150603816183
0.290422720973621
0.23863636363636365
0.26717536370833095
0.27752733058203694
0.2670271436484358
0.2725866191195863
0.23409558018085674
0.24020673384339983
0.26164519908517603
0.26667530919255716
0.33332220670580703
0.3068181818181818
0.23851915229662496
0.26653465558487077
0.29026114879392684
0.3407332738994829
0.26679841897233203
0.2842807645887358
0.2507756338677848
0.24407114624505927
0.21086288924087548
0.2391304347826087
0.2400300275032415
0.2734111993713445
0.2282608695652174
0.19664639978731807
0.23023676134664134
0.24394803646528446
0.23420843081231701
0.3268594327376682
0.23890473351968816
0.21944029513038668
0.22345723755564922
0.19458074574565526
0.24974213505257492
0.21836399606959556
0.26122298275594996
0.2518057094051004
0.22330470753204612
0.23320158102766797
0.2231796501324117
0.23990606865039343
0.22345723755564922
0.21739130434782608
0.23477195123470418
0.26122298275594996
0.22827957705737628
0.289025014843731
0.22727272727272727
0.23432680277304052
0.24456521739130435
0.22923356128698685
0.2562054428556159
0.24009286735606358
0.23013315400761966
0.22431155731669516
0.32274276769207355
0.23863636363636365
0.23863636363636365
0.27352613234772405
0.21836399606959556
0.1994083825280673
0.22593445972338466
0.22842853635728066
0.23944901148112524
0.236259599447324
0.25085081600274584
0.24607707730721573
0.24964817650033122
0.2616438347047907
0.23675258775258606
0.25495955362557055
0.2786477489178518
0.23957150155580917
0.2454304989003059
0.2730572082472071
0.2744065196217337
0.26200978572920275
0.36390309685886235
0.22958575710003556
0.2190744887807481
0.22417050802813382
0.24003592258092138
0.22005246875995865
0.22509411490346493
0.23478823809857385
0.21767098322958173
0.21291766403631918
0.233720979507334
0.23359306069076735
0.2452426641975154
0.2284106696610236
0.22565422292785142
0.2451506174585333
0.21747730436928486
0.19646941708777987
0.2897885369276056
0.23432807298553163
0.16633785516025135
0.2277432712215321
0.23945963559546835
0.2737171631752775
0.2405784619840085
0.23901758415114843
0.21277201395436637
0.1931353886780293
0.2507756338677848
0.21728871286468038
0.2346683438956825
0.207757252273568
0.20774801661701767
0.22916046228585019
0.21836501192547153
0.22323627411178001
0.2158036007033261
0.22431155731669516
0.20740209851737312
0.32179368020185367
0.3896061175437701
0.22431155731669516
0.23326002558154316
0.23320315678375791
0.23859773310314247
0.22077922077922077
0.2331379857935323
0.23355608695963617
0.23163326569562903
0.21407999996939164
0.21106888017103448
0.2073754889827336
0.18525103945653426
0.2374242393236178
0.1943800435305687
0.26203356351037516
0.21681045048797512
0.24383082512554577
0.2392902832451344
0.23913796207601404
0.26203356351037516
0.2560753695227112
0.2621624959840877
0.29620895775139244
0.2837978807415624
0.2570776026977535
0.27853143361975863
0.2689823646025154
0.2621624959840877
0.21237696804270328
0.21237696804270328
0.30858002342283913
0.32910315705902415
0.27760228644845064
0.246581309358288
0.22478867243665923
0.19761807565321154
0.22400248668646217
0.2504584687527378
0.24539921826363303
0.32719513595526495
0.3983174620955805
0.3564166073029653
0.3351454121936751
0.26007434145385333
0.32780133084490704
0.2566212344362484
0.20984320764739994
0.306959153192944
0.37152127272425617
0.33803782628123824
0.3121929338401983
0.300808046201819
0.25215064908642165
0.36329373922478553
0.38751189567134703
0.3297944001313751
0.34072731558808733
0.3140846638538194
0.27874261566745373
0.31174924543232535
0.29415773913862264
0.3123856346335183
0.2987236679022773
0.362100971696549
0.451740786972329
0.33643612554502234
0.3731098090986466
0.2524475742912671
0.25025465156149984
0.2721405520228638
0.25058810502575424
0.1966835759227241
0.30344987495906073
0.2290518686268706
0.25
0.26720394054671975
0.2615220893054012
0.2790801256130928
0.27296322274784224
0.26615932123880787
0.34335104248822107
0.3063530261437131
0.2612268908003552
0.2768648655204461
0.22800315025512363
0.30383561552255456
0.3161598962761975
0.25979224926766525
0.21339394130850653
0.2833785170493902
0.26754440088437814
0.24496141055468246
0.2459009237828202
0.22828073767836116
0.2558406353284028
0.26268072329073566
0.2560300418446443
0.2944453207840092
0.23432680277304052
0.25567534951579407
0.25110881144619723
0.23913929631949
0.232566771344244
0.23851915229662496
0.32065985798452534
0.1857655595657362
0.3175231645976522
0.21688008114681984
0.30027859404748114
0.2611548410237434
0.2488230386139151
0.27296322274784224
0.24663664510277067
0.22828073767836116
0.25675764706590587
0.24544749541051925
0.25608148400276787
0.3341558456337772
0.3166763055379394
0.2195218048043931
0.25621699320110325
0.30059615058928296
0.2785772753056295
0.24986525449100447
0.25025652765233
0.2439186865739065
0.24503809528399606
0.23475509335707156
0.23013315400761966
0.26851453613896015
0.29595655174707935
0.27893768920375317
0.26617097889799757
0.2666577653646456
0.2241410951978528
0.2981754516787388
0.2107602977577298
0.2506627832363245
0.30445130405294485
0.1854870929589747
0.2817692233765505
0.2763909789697633
0.2910364962366796
0.3144914196746245
0.27833347488208526
0.2839502554832227
0.27448376216874293
0.32275224724776685
0.24456521739130435
0.2610940502822374
0.24063834207168783
0.23957684693520703
0.3066658070765215
0.26914412636634505
0.24575572477940527
0.2665932877182418
0.23362232741111008
0.26177001639576636
0.33699114433879285
0.2212148561145815
0.22711192921315615
0.43748104838749025
0.37319924736136445
0.4292896982913915
0.41083632358043654
0.350423720141966
0.223731884057971
0.25732950398000365
0.3051203023028856
0.26019090445113335
0.2149039870834355
0.29600267689173054
0.31859986576191346
0.3901083118003764
0.20181734230833062
0.25630506589015256
0.31548598357320157
0.20767181366839632
0.21856827245776494
0.21292627376149986
0.3368229943721903
0.33218122461149224
0.2403888527567996
0.3385795469250208
0.257589978116167
0.2218534696012588
0.246287601879357
0.21551857402058416
0.2636400832842921
0.24651534248238205
0.24437149948321257
0.2617402399918922
0.25768270981579455
0.2569560558122673
0.2381958917372788
0.2412721614032493
0.25585596249354997
0.25237792116062974
0.24962928411178195
0.25276835973305334
0.2661399056429921
0.2873295552816636
0.2620510518048832
0.2445198114565712
0.23482825593647896
0.2614148083672887
0.2635571302995101
0.337125759457531
0.30210989961852563
0.18570303198612143
0.2642771176980353
0.24342105263157893
0.25123774391990983
0.24456798332805668
0.2510817862796404
0.2640952531365235
0.21403882032022076
0.3415848106941095
0.3110027120028326
0.3408400080505142
0.34483039669787907
0.4024446454587095
0.2930195356856993
0.2888792458116994
0.2508661961769626
0.24496141055468246
0.2860516118492824
0.2838609629816039
0.26675600001615873
0.25661486274393175
0.26743339923243037
0.2731038763555286
0.25068164828071265
0.23243202583524847
0.23916135077142187
0.4170910466518657
0.27866076192092065
0.2612347038899238
0.232566771344244
0.24931552667748016
0.26830269974679744
0.24459160777966663
0.25089450392088086
0.26200653834381826
0.23355608695963617
0.22868340371916235
0.2610940502822374
0.25814546650600617
0.24499311553329584
0.2562146005429732
0.24986525449100447
0.24512786104229137
0.2621724889554342
0.2827387792018358
0.24499311553329584
0.2203250078203412
0.2509242843544029
0.2437539676051012
0.2516763940329334
0.20038413079169734
0.2565636309608962
0.2554112554112554
0.2565600043540682
0.2570209972309056
0.2801612625196226
0.2508105807544252
0.2562104164764804
0.2725748979856124
0.27419223451589214
0.3947159149530714
0.4175295388041662
0.376090573238653
0.35932859171487386
0.3606853404472695
0.2617402399918922
0.24375691589835408
0.25298417388253497
0.2708837728017409
0.27105985780915287
0.22664615247718461
0.26614561008805326
0.2630546978325559
0.24669692307995267
0.2452452370718342
0.3580557460222587
0.3777814614560656
0.38608304556912637
0.34542935685628845
0.34714508511349174
0.2976156764961023
0.36754336325719483
0.34149775905986424
0.40040565409878837
0.30580089130248983
0.34148153022977223
0.3759057863009829
0.35666207741913514
0.4003383307594138
0.3175335527581029
0.401190524323009
0.2558621341446212
0.35258200156625885
0.36721408838523695
0.39158777681994517
0.34555559444766415
0.31569162312393206
0.2621624959840877
0.35360364295330093
0.25256881966330846
0.27923221852964486
0.2677389022711754
0.23432680277304052
0.27372298275595
0.23958333333333331
0.2742674076548125
0.28824565957399667
0.26197597919701227
0.2743416314728534
0.2558160031234804
0.2630571161035421
0.2444405245288495
0.266042046424285
0.2492236911359792
0.28019544824634823
0.29792485948994885
0.269652991829404
0.25302802716504424
0.28178831392239473
0.24499311553329584
0.23042514612316276
0.2452426641975154
0.2336908324686317
0.299901185770751
0.2936757486242848
0.3073121033642359
0.3085950494091928
0.24599682766903072
0.24423858547104021
0.25823993404769097
0.22515629088543432
0.2635661905156134
0.23913432560486497
0.25752420448554203
0.24060208279483694
0.23730103172877848
0.23575045611185047
0.25975274637965245
0.28243763051269094
0.28530509212157973
0.2681423613464636
0.24966063950426354
0.22446906510013265
0.24618905632826732
0.2663690935697387
0.23311729136251458
0.27529855613341325
0.2341776738489074
0.26362825428275294
0.2787523968351604
0.2624858793276792
0.2525543705207517
0.26790808149945444
0.2889881181440984
0.29100659351411823
0.2618496772511436
0.29020037978552604
0.2137421370855751
0.3062224364672915
0.31247379012854304
0.2606938060262755
0.27283163513489384
0.27070628712260036
0.27070628712260036
0.2717888923970301
0.25460598268713674
0.28822213041075156
0.2558031993763879
0.2743177260832669
0.25588571120972037
0.25476245580434553
0.2617402399918922
0.2190744887807481
0.2719595940791574
0.26880011801113407
0.25588571120972037
0.26880011801113407
0.26163042695439
0.2634225002557937
0.2549464355682173
0.2353404423088638
0.24115652327290762
0.21696908277031796
0.21852557087725855
0.2228784255620745
0.22343632286891135
0.23017246931885688
0.26176721672246606
0.2642786550843341
0.2622867562817094
0.18809629382288848
0.26211663280469866
0.23453354398961074
0.22880684981717497
0.22804542745061143
0.26757405284011676
0.2513318108572451
0.23901758415114843
0.2281203615948623
0.23957684693520703
0.21146245059288538
0.29192440074599246
0.27449094257979134
0.2746624959840877
0.2345167060260009
0.22884277589679822
0.25262411442323607
0.21211274724466894
0.2548154920735505
0.22486162209879007
0.2412528038682187
0.23353108557942248
0.23320315678375791
0.22293023387706515
0.22837736348444748
0.2556531135305158
0.2230636580182146
0.21641557930814725
0.19616174617932614
0.24545680146684185
0.23372670666475864
0.22619047619047616
0.2498593463923136
0.2212148561145815
0.23980347716724776
0.2553058501349831
0.2385074311626511
0.2630835656380094
0.2630835656380094
0.2671677972561222
0.24987106752628746
0.2498517799401049
0.2569475096030561
0.24987106752628746
0.27380952380952384
0.25081155082513085
0.22619047619047616
0.2627272203238761
0.2736478291987292
0.25
0.24378394106491097
0.2792207792207792
0.2554112554112554
0.2682565006148607
0.24987106752628746
0.2612347038899238
0.2508661961769626
0.29095037196384693
0.2610940502822374
0.2734059290247588
0.2554347826086957
0.2727272727272727
0.2789184310022982
0.23398396240856212
0.23863636363636365
0.26136363636363635
0.2612347038899238
0.28409090909090906
0.2623041196624798
0.29137155407089305
0.26175654184486685
0.2736478291987292
0.23851915229662496
0.22716723706696246
0.26122298275594996
0.25
0.23964321342101266
0.2225953083677557
0.20668924720944998
0.22703830459324992
0.23916135077142187
0.25064255047062267
0.2257078482541139
0.23804075007943562
0.23851915229662496
0.2447234542930487
0.2318926537110486
0.22827957705737628
0.2616491467925507
0.22816236571763762
0.2516664899467763
0.27448376216874293
0.2356580686943044
0.22688134203363858
0.23294415756530978
0.26953829948713
0.21368181539125602
0.26219096706125133
0.23368618078709424
0.2557964233121115
0.2297120664814219
0.24455846204892337
0.19709562421036378
0.18122268668913977
0.2141644433276183
0.23278536296752883
0.2734996091388341
0.23809523809523808
0.28669955393212165
0.275
0.24986525449100447
0.26177001639576636
0.2435113657849943
0.2670271436484358
0.20899557144069048
0.2289334966661471
0.26616612142727153
0.2468534819947188
0.294695485304705
0.2734804799837845
0.27748308968258634
0.27019368711317154
0.29993654084655363
0.29731278677870543
0.2739381824304743
0.2921001585322348
0.2735578536457658
0.2668492248508352
0.2809155390341782
0.27350614182106037
0.26914412636634505
0.2853762479199762
0.2773939616539475
0.2883480245784807
0.323772771312266
0.2942972768848217
0.24010227631119252
0.24346357684388795
0.2501232900151039
0.25680871669650435
0.32575757575757575
0.23591102593917912
0.26717536370833095
0.28019544824634823
0.268852271507818
0.26259247481488057
0.28006539383092877
0.27352613234772405
0.27316881568606366
0.2547164926024013
0.24922454636754432
0.24135815554656148
0.25068164828071265
0.2611158337214067
0.21534324706086574
0.2863636363636364
0.2673160173160173
0.20227315597375595
0.2217324544582668
0.210419535202861
0.2397615853817362
0.2439186865739065
0.2619047619047619
0.22871596294330154
0.20479864272658133
0.22710442647576165
0.2564114123929351
0.23892480682142103
0.24991988339414362
0.20518724389076276
0.228581217434306
0.21902221330907876
0.23313106281578305
0.22955483297421897
0.2342033156251801
0.2439387173209199
0.2629102079594292
0.2547884669069935
0.22955483297421897
0.24779299522285658
0.27290125060693765
0.2741668633605828
0.25099213620354066
0.25045129386017984
0.2093219229247219
0.23913432560486497
0.2640566816215063
0.23021762660949316
0.26925706618505707
0.2224769364070322
0.24145578782922122
0.27301779983447905
0.23488006323425392
0.25665938144868217
0.24545680146684185
0.25518274035520827
0.24943998270014145
0.25518274035520827
0.26717536370833095
0.23409558018085674
0.24485819980204424
0.2570209972309056
0.24974213505257492
0.2610940502822374
0.2668983483382408
0.2612640537813018
0.25518274035520827
0.2663080609108993
0.24470600992899916
0.24432343428613154
0.2330887303962077
0.2558406353284028
0.2725748979856124
0.2397615853817362
0.28393853434924876
0.24987106752628746
0.2119910097088672
0.18312189737269713
0.2507756338677848
0.23023676134664134
0.26667530919255716
0.2559325642797337
0.23900732500283384
0.26164604815824927
0.25608148400276787
0.26667530919255716
0.25644940553681644
0.2666577653646456
0.2773939616539475
0.27766798418972327
0.2890316205533597
0.2735271024184297
0.26617541535237443
0.2934341792199074
0.2409823677111846
0.26164604815824927
0.25081155082513085
0.25633437532932846
0.24987106752628746
0.2348519284101312
0.2622181114066251
0.2508661961769626
0.26074645543761643
0.27936643653080745
0.24533587763822462
0.24550570069014774
0.21086288924087548
0.24456521739130435
0.20234306069076735
0.23890473351968816
0.25077648294085797
0.22814801893375714
0.25173806644123964
0.2773939616539475
0.219336687791365
0.25032360611171833
0.24400735663820172
0.2883939213307106
0.2775346152616339
0.27225439884762515
0.2683729124605681
0.22896799591699735
0.22896799591699735
0.25577863625709035
0.2661152918926986
0.23019599386044173
0.23916135077142187
0.23839021982291242
0.2118843588821175
0.2725866191195863
0.31172051082027913
0.3024307914290666
0.305045605570639
0.26122298275594996
0.22431155731669516
0.2411691664168547
0.2891656684514174
0.19550410465495638
0.3296268288163893
0.2714826517269183
0.23890473351968816
0.2621751871887672
0.24432343428613154
0.2883939213307106
0.24075671403241133
0.21081451197942147
0.23374557507749144
0.2515835514454725
0.232566771344244
0.25099628927166
0.25567534951579407
0.26293401133463834
0.26175654184486685
0.25857303491261546
0.23243202583524847
0.24932277136040276
0.24445236675984408
0.245073258210657
0.2339874740437673
0.2325844001016481
0.25098456813768616
0.2631925800736676
0.21836501192547153
0.23963265290802366
0.24010312650437815
0.23420843081231701
0.2616554582334906
0.24987106752628746
0.23980347716724776
0.23320158102766797
0.2727272727272727
0.27766798418972327
0.2675573580852784
0.2735271024184297
0.26679841897233203
0.24383082512554577
0.36359424286436093
0.2914768873310625
0.17459370543853628
0.25
0.2606233456578416
0.27780203208778104
0.2652625538018539
0.2637377439199098
0.28920777919505014
0.2839859540718291
0.2820652887009668
0.2629760301753302
0.3029138642280743
0.2926699936888195
0.16751512317245132
0.2334641282170548
0.26074645543761643
0.2730081014392056
0.28409090909090906
0.2790590846099846
0.2760345316287277
0.27623774391990985
0.2822368421052632
0.26160832178497173
0.2628900301225978
0.16470567457797042
0.23154761904761906
0.26904761904761904
0.25595238095238093
0.28539089649269644
0.24094869637243865
0.26748107847692143
0.26888046255680115
0.26770696877727646
0.22780943554175936
0.2739027359759799
0.2504996481399756
0.28460463651741685
0.26668466453915524
0.24400735663820172
0.3256849596590198
0.3283926114533564
0.3128506614151625
0.32590849441193037
0.2926699936888195
0.29152489888325894
0.3019372759916119
0.30680134879420784
0.25089450392088086
0.2747304651351579
0.2680242196964183
0.2575168261931648
0.2793761349260808
0.27338547874003766
0.25
0.23913796207601404
0.2747947920273598
0.2444405245288495
0.26160832178497173
0.2557878590395113
0.2680031313124905
0.2842830833031803
0.24986525449100447
0.25527650990225986
0.2841614906832298
0.2610940502822374
0.2385074311626511
0.25633437532932846
0.26664014626589627
0.2725866191195863
0.2554112554112554
0.28874587688361
0.3065017112008874
0.28393853434924876
0.2556752284187733
0.24552764996475923
0.24432343428613154
0.2612347038899238
0.2439128735386235
0.2570326229470533
0.24971703443110937
0.24971703443110937
0.2682565006148607
0.25595238095238093
0.25099628927166
0.2883774970623221
0.2883774970623221
0.2448533568374669
0.2857142857142857
0.2850313923897525
0.24986525449100447
0.29095037196384693
0.26293401133463834
0.28409090909090906
0.2725866191195863
0.2681148769364686
0.26122298275594996
0.26717536370833095
0.25578820014725434
0.2629730767385129
0.2784333589091935
0.27366775602611615
0.2498827886602613
0.2624888581090089
0.22619047619047616
0.23968913549971455
0.26203356351037516
0.24974213505257492
0.25630680147959595
0.23963265290802366
0.2330843696879293
0.2553116728289208
0.24407114624505927
0.2725866191195863
0.23964321342101266
0.2673160173160173
0.2610940502822374
0.2625439427327356
0.2800432376398934
0.2877020733157478
0.23809523809523808
0.25
0.256375265907539
0.2775346152616339
0.25518274035520827
0.24404761904761904
0.2930597306575048
0.28761726601103693
0.3006589425471883
0.26464488822531773
0.2967418277452637
0.26803851135187007
0.30865151112070316
0.286537859321327
0.14818383982718708
0.20225968142285639
0.22606920523238022
0.2511788037332474
0.21692882244869865
0.27338547874003766
0.29220810155472665
0.2987709512054605
0.2513834534129049
0.3019372759916119
0.2938550549448157
0.26709483511557086
0.26706361808435275
0.27202660181972776
0.29464132915441626
0.26743339923243037
0.263364460840776
0.2672367916333915
0.28080416089248583
0.2683066982548634
0.24404761904761904
0.28476116830451476
0.27873790077162464
0.2441226157935095
0.26035839729563953
0.30801955340447984
0.2996257016633534
0.2562413201343271
0.255270601803569
0.2902703462319607
0.29738774881728913
0.31007489798561244
0.2912544992618695
0.32123992771597765
0.2938916744858706
0.2803625023634937
0.28603583358762663
0.28603583358762663
0.2873592025525142
0.28603583358762663
0.2860885950403088
0.29787005907888375
0.29202648977366985
0.28768295166312435
0.2821894241291517
0.2553289794388678
0.2696793221772525
0.24568650874631295
0.237548935399073
0.22746356837602477
0.2623514900004075
0.24532139275614434
0.2628204819865646
0.2615842823516228
0.2451506174585333
0.28603583358762663
0.2969828512587711
0.30080562222971696
0.26174306729396724
0.23254923717498716
0.2561639721976743
0.28411711755266894
0.25076139669002895
0.3183507387236875
0.2703554918993362
0.27642318642096153
0.2506167068620744
0.26165033429187556
0.2903672907711065
0.32435346767339945
0.33169678830409144
0.2630712214388711
0.2801144198169101
0.2355817372126322
0.3026145496099204
0.27130467708044925
0.3053740794718305
0.2612787998765914
0.30636557366050804
0.4362880957556238
0.3423705506475094
0.3250847816447393
0.2828128976530969
0.2941410814501939
0.30548245034594
0.2919470920789816
0.27797034759045636
0.27778484011501914
0.23493015397571887
0.3005521962767845
0.24619085674468716
0.3330583215020231
0.22178607056386979
0.21691594069373993
0.29842803148726227
0.23782574707724702
0.2683452667458937
0.23278536296752883
0.2272615853817362
0.245090343028395
0.2691658483720244
0.25621699320110325
0.2635538015903919
0.21639811134906528
0.3226065521406366
0.3058794332494533
0.3625919591479417
0.23957684693520703
0.24063834207168783
0.24485352762595342
0.22868340371916235
0.21825742178856194
0.23387026270402864
0.2864316887602758
0.26328771772946025
0.3317810969527929
0.26816063192616685
0.24378394106491097
0.2439867900279452
0.23355608695963617
0.22318749619230746
0.34045785761655323
0.3105175797187151
0.2567811186272462
0.26765058400012903
0.2667782303984468
0.23964034207089885
0.21275972735743404
0.24990411504661475
0.2615857536058306
0.2670519128208131
0.2553688364550821
0.24285113019775792
0.23355608695963617
0.2355015667650563
0.24497801756304172
0.26259247481488057
0.2577482299246421
0.2731038763555286
0.23964321342101266
0.24463658753036685
0.23243202583524847
0.24507046514059705
0.23734404235973056
0.21534324706086574
0.21950249526661464
0.24335540814472487
0.23254923717498716
0.2498517799401049
0.21023054683635906
0.23214285714285715
0.2908813949681093
0.23498800816260268
0.26743339923243037
0.2996298310280433
0.26788030329998236
0.2784333589091935
0.23839021982291242
0.2724459655118999
0.2442972872939744
0.22587879042038247
0.2314128735386235
0.23723070565004498
0.24378394106491097
0.23851915229662496
0.2688494001159323
0.1817244127463909
0.1714167765398758
0.17516907491802325
0.1967284729738346
0.244509467560879
0.28526104548769216
0.2193187381533232
0.20959363331300934
0.18984818215714
0.2599969619663082
0.24619581941231303
0.245
0.2515059928821246
0.2602560973761838
0.23463035777014318
0.2548154920735505
0.25518274035520827
0.21045425752301494
0.24402058654045403
0.26664209607290745
0.2626289492507975
0.21703431265446346
0.18750327410908635
0.2562104164764804
0.21357062320834194
0.23243202583524847
0.2556752284187733
0.22587879042038247
0.25802084932813135
0.2789184310022982
0.20214796116051176
0.20343995558105318
0.21964285714285714
0.22184081317272952
0.2330864393678398
0.2451463541329132
0.2457015930369102
0.2504447018545282
0.2517947092437917
0.2369416838986238
0.25739221145758434
0.2647552910509796
0.27164909723840647
0.2589610761854319
0.2664213562373095
0.23531968802129447
0.23873402375562175
0.25740025467388317
0.24692438911750578
0.2520378007409896
0.2435113657849943
0.27746695838834234
0.24670843185330327
0.23851678507949237
0.269037551419801
0.268311292273841
0.23787649349599577
0.2503134163184014
0.27926836733621563
0.25566352479823
0.24418883746981762
0.23517550607924817
0.22807858489837596
0.20805884271611558
0.1610530119162923
0.1452223967283886
0.19478008845503803
0.1891074794464006
