
315.0
204.0
236.0
193.0
181.0
298.0
307.0
307.0
401.0
291.0
332.0
251.0
239.0
182.0
270.0
257.0
238.0
250.0
251.0
250.0
245.0
279.0
292.0
288.0
308.0
280.0
296.0
262.0
318.0
322.0
270.0
294.0
262.0
282.0
264.0
237.0
265.0
238.0
318.0
323.0
242.0
191.0
240.0
234.0
323.0
327.0
281.0
219.0
212.0
243.0
237.0
249.0
217.0
258.0
277.0
264.0
287.0
287.0
297.0
255.0
263.0
228.0
310.0
275.0
265.0
282.0
269.0
252.0
283.0
320.0
335.0
339.0
339.0
305.0
245.0
346.0
244.0
273.0
239.0
271.0
264.0
246.0
235.0
232.0
208.0
261.0
228.0
244.0
281.0
312.0
304.0
337.0
299.0
206.0
212.0
241.0
266.0
317.0
334.0
332.0
320.0
324.0
328.0
337.0
316.0
186.0
173.0
164.0
250.0
205.0
197.0
166.0
108.0
158.0
193.0
251.0
244.0
269.0
275.0
220.0
284.0
229.0
259.0
258.0
299.0
297.0
194.0
174.0
324.0
305.0
298.0
231.0
223.0
247.0
267.0
257.0
235.0
245.0
256.0
242.0
301.0
272.0
258.0
240.0
271.0
245.0
273.0
309.0
321.0
323.0
295.0
241.0
282.0
282.0
296.0
261.0
323.0
229.0
240.0
293.0
265.0
378.0
242.0
290.0
252.0
224.0
193.0
233.0
232.0
141.0
229.0
223.0
300.0
265.0
289.0
318.0
304.0
269.0
349.0
240.0
262.0
205.0
204.0
225.0
346.0
177.0
184.0
194.0
206.0
316.0
222.0
184.0
216.0
160.0
186.0
202.0
152.0
186.0
225.0
232.0
164.0
289.0
310.0
275.0
297.0
265.0
239.0
259.0
223.0
214.0
257.0
272.0
237.0
251.0
200.0
259.0
258.0
236.0
244.0
222.0
249.0
243.0
228.0
235.0
287.0
305.0
235.0
294.0
237.0
218.0
250.0
250.0
187.0
221.0
242.0
400.0
405.0
363.0
218.0
217.0
242.0
249.0
238.0
240.0
222.0
228.0
185.0
220.0
236.0
238.0
230.0
190.0
235.0
222.0
266.0
182.0
241.0
264.0
242.0
231.0
244.0
223.0
237.0
253.0
221.0
233.0
246.0
242.0
237.0
152.0
210.0
209.0
251.0
238.0
234.0
266.0
295.0
220.0
220.0
224.0
212.0
222.0
234.0
249.0
199.0
266.0
235.0
228.0
179.0
222.0
220.0
234.0
197.0
222.0
230.0
239.0
235.0
191.0
193.0
202.0
239.0
182.0
234.0
252.0
206.0
198.0
196.0
196.0
222.0
191.0
210.0
179.0
191.0
206.0
235.0
203.0
193.0
209.0
186.0
182.0
198.0
191.0
191.0
258.0
242.0
206.0
227.0
232.0
203.0
203.0
205.0
260.0
252.0
237.0
235.0
257.0
263.0
253.0
244.0
199.0
228.0
289.0
270.0
233.0
240.0
182.0
227.0
264.0
229.0
263.0
264.0
245.0
239.0
216.0
244.0
202.0
230.0
206.0
197.0
135.0
251.0
259.0
237.0
264.0
265.0
230.0
257.0
269.0
238.0
271.0
289.0
250.0
268.0
265.0
221.0
237.0
256.0
238.0
215.0
214.0
207.0
218.0
171.0
188.0
222.0
238.0
228.0
259.0
258.0
223.0
232.0
251.0
264.0
250.0
251.0
257.0
216.0
272.0
236.0
223.0
258.0
243.0
171.0
232.0
264.0
263.0
256.0
225.0
256.0
223.0
240.0
240.0
225.0
251.0
258.0
230.0
297.0
251.0
138.0
204.0
214.0
201.0
177.0
198.0
188.0
183.0
222.0
200.0
210.0
218.0
253.0
229.0
251.0
214.0
279.0
310.0
293.0
225.0
208.0
208.0
214.0
191.0
214.0
260.0
238.0
231.0
252.0
231.0
252.0
246.0
229.0
272.0
222.0
232.0
239.0
239.0
244.0
159.0
171.0
230.0
264.0
237.0
239.0
232.0
210.0
237.0
237.0
211.0
251.0
237.0
232.0
231.0
232.0
237.0
245.0
209.0
216.0
239.0
245.0
236.0
246.0
237.0
231.0
191.0
237.0
225.0
210.0
225.0
239.0
239.0
230.0
236.0
236.0
230.0
224.0
260.0
265.0
244.0
237.0
239.0
247.0
232.0
263.0
243.0
222.0
183.0
239.0
252.0
250.0
265.0
296.0
264.0
237.0
229.0
229.0
259.0
190.0
206.0
161.0
206.0
238.0
230.0
229.0
143.0
214.0
259.0
237.0
229.0
239.0
265.0
242.0
224.0
251.0
263.0
271.0
229.0
250.0
230.0
224.0
191.0
204.0
159.0
177.0
143.0
171.0
258.0
292.0
242.0
271.0
310.0
280.0
244.0
208.0
234.0
234.0
159.0
127.0
277.0
98.0
121.0
245.0
274.0
234.0
322.0
246.0
242.0
236.0
250.0
281.0
250.0
226.0
134.0
264.0
308.0
299.0
265.0
265.0
281.0
265.0
281.0
251.0
353.0
354.0
315.0
350.0
288.0
332.0
125.0
205.0
223.0
169.0
158.0
181.0
141.0
214.0
174.0
177.0
201.0
204.0
192.0
198.0
190.0
199.0
201.0
212.0
256.0
282.0
235.0
289.0
301.0
263.0
240.0
211.0
189.0
243.0
248.0
255.0
304.0
277.0
190.0
180.0
194.0
211.0
172.0
98.0
95.0
124.0
66.0
102.0
128.0
88.0
278.0
101.0
130.0
75.0
211.0
64.0
86.0
69.0
125.0
154.0
208.0
321.0
200.0
206.0
181.0
179.0
184.0
150.0
190.0
184.0
189.0
253.0
220.0
191.0
184.0
152.0
211.0
214.0
242.0
186.0
217.0
216.0
216.0
291.0
287.0
256.0
271.0
234.0
244.0
243.0
243.0
250.0
238.0
234.0
213.0
265.0
243.0
245.0
266.0
251.0
265.0
269.0
282.0
266.0
211.0
227.0
264.0
295.0
300.0
286.0
272.0
229.0
263.0
258.0
217.0
221.0
245.0
212.0
234.0
217.0
224.0
180.0
141.0
147.0
245.0
196.0
258.0
