359.32282605811537
0.8407175566492526
359.86355259033974
359.50717566228013
2.8985762825832353
0.7477753259601343
1.2788596273204575
1.2788596273204575
359.8879902172548
0.9542658259592542
0.3700141708131923
359.43853831934
1.2193816393092618
1.3504679589604507
1.3504679589604507
4.549017072088503
2.3377259218981408
2.3569058661152837
359.84406606684263
1.2878768750383927
1.2878768750383927
359.9813436189073
1.503681894593825
0.1187047017548366
0.26340614234345594
3.2534614875355032
3.2534614875355032
3.2432690638197244
2.19216327291295
2.470465921627408
0.6418969851605425
0.14131843701872526
2.4751416986751167
2.4751416986751167
1.491491554659234
1.6103893158502558
3.273621904034542
357.5993154327243
359.9359447067231
1.2371275500584034
1.2371275500584034
358.2215956737378
357.75951724204
1.0916601689398249
359.7193247678393
358.13660506011547
358.8865781296273
359.08568123082614
359.08568123082614
357.37136951619107
357.94677454342934
357.81358235876775
358.26736562012286
358.4038031395297
1.7204683425737528
4.267389665987565
6.256004544353374
7.201867647182183
8.612777261150626
6.973134683791102
7.137729395867723
4.980796461407181
5.624202222753524
7.254104151039087
10.169789988629532
8.061381854844456
8.40744505751448
10.605921584690975
10.605921584690975
9.773141402483418
10.663733782210443
10.996083127140992
10.419923003032181
11.453947030559448
11.046919171080248
10.793278749147817
10.793278749147817
