0.6926745071290616
0.6824652559307356
0.6876184423709416
0.6657907128637541
0.704800960342995
0.7109444879173861
0.655945416743869
0.6708096018799109
0.6633380176354887
0.6726665063610905
0.623430439793147
0.6788900147805893
0.6436291111541386
0.6678361780454408
0.6678361780454408
0.6672168600173781
0.6632270531601846
0.6584932962901805
0.6584932962901805
0.6593515534127022
0.6708096018799109
0.6708096018799109
0.6584932962901805
0.5876390342331268
0.6050601251753014
0.6457086883450601
0.6584932962901805
0.6303892822844854
0.6548946779118455
0.6271326313851917
0.6502738683987507
0.655945416743869
0.6413933337477348
0.6548946779118455
0.6419968165212336
0.6502738683987507
0.6419968165212336
0.6669830318061989
0.6394836569266585
0.6548946779118455
0.6303892822844854
0.6329877476180323
0.6548946779118455
0.6271326313851917
0.6271326313851917
0.6419968165212336
0.6419968165212336
0.6419968165212336
0.6457046147747451
0.6419968165212336
0.6709259408376957
0.6358775394549139
0.6469620666308835
