1.0
1.0
1.0
0.75
0.8
0.6666666666666666
0.7142857142857143
0.625
0.5555555555555556
0.5
0.5454545454545454
0.5833333333333334
0.6153846153846154
0.6428571428571429
0.6666666666666666
0.6875
0.6470588235294118
0.6111111111111112
0.5789473684210527
0.55
0.5238095238095238
0.5
0.4782608695652174
0.4583333333333333
0.44
0.4230769230769231
0.4074074074074074
0.39285714285714285
0.3793103448275862
0.36666666666666664
0.3548387096774194
0.34375
0.3333333333333333
0.3235294117647059
0.3142857142857143
0.3055555555555556
0.2972972972972973
0.2894736842105263
0.28205128205128205
0.275
0.2682926829268293
0.2857142857142857
0.27906976744186046
0.2727272727272727
0.26666666666666666
0.2608695652173913
0.2553191489361702
0.25
0.24489795918367346
0.24
0.23529411764705882
0.23076923076923078
0.22641509433962265
